1.000000 -0.000000 0.000000 34.842999 -0.000000 -1.000000 0.000000 -40.549999 0.000000 -0.000000 -1.000000 -299.609985 0.000000 0.000000 0.000000 1.000000
1.000000 -0.000000 0.000000 34.842999 -0.000000 -1.000000 0.000000 -40.549999 0.000000 -0.000000 -1.000000 -299.609985 0.000000 0.000000 0.000000 1.000000
1.000000 -0.000000 0.000000 34.842999 -0.000000 -1.000000 0.000000 -40.549999 0.000000 -0.000000 -1.000000 -299.609985 0.000000 0.000000 0.000000 1.000000
1.000000 -0.000000 0.000000 34.842999 -0.000000 -1.000000 0.000000 -40.549999 0.000000 -0.000000 -1.000000 -299.609985 0.000000 0.000000 0.000000 1.000000
1.000000 -0.000000 0.000000 34.842999 -0.000000 -1.000000 0.000000 -40.549999 0.000000 -0.000000 -1.000000 -299.609985 0.000000 0.000000 0.000000 1.000000
1.000000 -0.000000 0.000000 34.842999 -0.000000 -1.000000 0.000000 -40.549999 0.000000 -0.000000 -1.000000 -299.569794 0.000000 0.000000 0.000000 1.000000
1.000000 -0.000000 0.000000 34.842999 -0.000000 -1.000000 0.000000 -40.549999 0.000000 -0.000000 -1.000000 -299.341492 0.000000 0.000000 0.000000 1.000000
1.000000 -0.000000 0.000000 34.842999 -0.000000 -1.000000 0.000000 -40.549999 0.000000 -0.000000 -1.000000 -298.937683 0.000000 0.000000 0.000000 1.000000
1.000000 -0.000000 0.000000 34.842999 -0.000000 -1.000000 0.000000 -40.549999 0.000000 -0.000000 -1.000000 -298.477081 0.000000 0.000000 0.000000 1.000000
1.000000 -0.000000 0.000000 34.842999 -0.000000 -1.000000 0.000000 -40.549999 0.000000 -0.000000 -1.000000 -297.935608 0.000000 0.000000 0.000000 1.000000
1.000000 -0.000000 0.000000 34.842999 -0.000000 -1.000000 0.000000 -40.549999 0.000000 -0.000000 -1.000000 -297.318420 0.000000 0.000000 0.000000 1.000000
1.000000 -0.000000 0.000000 34.842999 -0.000000 -1.000000 0.000000 -40.549999 0.000000 -0.000000 -1.000000 -296.622772 0.000000 0.000000 0.000000 1.000000
1.000000 -0.000000 0.000000 34.842999 -0.000000 -1.000000 0.000000 -40.549999 0.000000 -0.000000 -1.000000 -295.867859 0.000000 0.000000 0.000000 1.000000
1.000000 -0.000000 0.000000 34.842999 -0.000000 -1.000000 0.000000 -40.549999 0.000000 -0.000000 -1.000000 -295.109375 0.000000 0.000000 0.000000 1.000000
1.000000 -0.000000 0.000000 34.842999 -0.000000 -1.000000 0.000000 -40.549999 0.000000 -0.000000 -1.000000 -294.385376 0.000000 0.000000 0.000000 1.000000
1.000000 -0.000000 0.000000 34.842999 -0.000000 -1.000000 0.000000 -40.549999 0.000000 -0.000000 -1.000000 -293.757690 0.000000 0.000000 0.000000 1.000000
